camera_params:
  cx: 321.1545105
  cy: 184.3497465
  fx: 263.107696535
  fy: 263.107696535
  image_height: 360
  image_width: 640
  png_depth_scale: 1000.0
dataset_name: realsense