dataset_name: 'replica'
meshing:
  eval_rec: True
tracking:
  vis_freq: 50
  vis_inside_freq: 25
  ignore_edge_W: 100
  ignore_edge_H: 100
  seperate_LR: False
  const_speed_assumption: False
  lr: 0.001
  pixels: 200
  iters: 10
mapping:
  every_frame: 5
  vis_freq: 50
  vis_inside_freq: 30
  mesh_freq: 50
  ckpt_freq: 500
  keyframe_every: 50
  mapping_window_size: 5
  pixels: 1000
  iters_first: 1500
  iters: 60
camera_params:
  image_height: 360
  image_width: 640
  fx: 263.107696535 #526.21539307 #315.729235842
  fy: 263.107696535 #526.21539307 #356.657099747
  cx: 321.1545105 #642.309021 #385.3854126
  cy: 184.3497465 #368.69949341 #249.896323311
  png_depth_scale: 6553.5  #for depth image in png format
  crop_edge: 0